%movie1
parts_start_tr = [20,284,525,735,818];
parts_end_tr = [264,505,715,798,901];

%movie2
parts_start_tr = [20,267,545,815];
parts_end_tr = [246,525,795,898];

%movie3
parts_start_tr = [20,220,425,649,811];
parts_end_tr = [200,405,629,792,895];

%movie4
parts_start_tr = [20,272,522,797];
parts_end_tr = [252,502,777,881];
